1847	0	0	4	11	12
588	0	0	0	0	14
1697	0	0	4	1	13
1573	0	0	2	3	7
385	2	0	2	2	12
1680	0	0	0	0	6
622	0	0	0	0	6
597	4	1	2	1	18
278	14	7	26	26	36
43	134	117	252	231	177
745	22	0	1	3	5
2007	5	1	0	0	0
376	5	1	0	0	0
2455	5	1	0	0	0
273	65	21	36	12	18
399	6	0	0	0	0
182	54	3	7	3	8
2461	7	0	0	0	0
249	52	11	17	6	10
2279	8	0	0	0	0
1325	8	0	0	0	0
2887	8	0	0	0	0
316	17	2	2	2	2
939	6	2	0	0	0
465	9	1	0	1	0
783	10	0	1	0	0
42	480	132	125	84	62
84	206	86	78	61	26
48	176	48	54	34	21
404	38	7	9	6	4
1257	12	0	2	1	1
61	102	15	7	12	9
937	6	5	0	0	0
2002	16	3	3	0	2
788	15	0	0	0	1
70	28	1	6	3	0
1022	20	14	15	6	2
504	9	4	0	0	0
277	77	5	4	1	7
464	25	6	7	2	2
46	14	6	2	2	1
481	10	8	0	0	0
508	34	0	0	0	0
357	23	2	2	0	0
483	24	6	2	3	0
103	0	1	3	28	3
40	22	10	13	6	5
1187	8	1	0	0	1
2282	9	1	2	1	0
365	9	4	1	2	0
3211	0	2	0	0	9
400	4	2	0	0	0
2463	6	0	1	0	0
381	7	0	0	1	0
341	13	4	2	0	3
3759	0	0	3	2	7
1542	0	0	1	1	6
751	11	3	1	2	1
739	7	0	0	1	0
251	10	1	2	1	1
1284	0	0	2	7	6
2343	1	0	0	0	7
3046	0	0	0	2	5
474	9	3	3	3	0
5009	0	0	1	0	5
11	0	4	0	13	6
1557	0	1	1	2	6
1672	0	0	2	0	6
82	11	3	3	5	0
1605	0	1	0	0	5
2200	0	1	0	2	5
9	1	5	6	2	13
2688	0	0	3	0	6
975	0	0	0	16	1
948	11	0	2	1	2
7871	1	0	0	0	6
2615	0	0	0	2	4
3901	0	1	0	3	5
396	3	2	4	0	13
2980	7	0	1	0	1
1837	0	0	0	2	4
786	7	0	3	1	0
390	8	0	3	2	0
482	6	2	0	2	0
1817	0	2	3	3	7
1593	2	0	0	0	7
412	6	0	0	0	1
409	6	0	0	0	1
41	12	1	2	3	2
1548	0	0	1	1	4
1331	4	1	1	0	0
853	5	7	0	1	1
343	15	0	4	0	5
411	6	0	2	1	0
2220	3	3	5	6	11
3	33	22	46	44	48
947	1	15	1	0	1
3470	0	0	0	3	3
644	4	1	2	0	0
1435	4	3	0	1	0
4025	1	0	0	1	5
389	1	0	0	1	5
1564	0	1	1	0	5
1148	4	3	0	1	0
912	9	2	0	0	3
1123	1	1	3	2	7
1299	3	2	1	0	0
781	9	3	4	3	1
63	0	1	0	2	4
2136	4	1	2	0	0
1495	6	0	1	0	1
3245	0	0	0	3	3
2120	6	0	1	0	1
2364	0	0	2	2	4
485	6	7	1	12	14
914	3	3	2	0	0
1202	5	5	1	1	1
229	0	0	2	0	4
105	0	1	0	1	4
1604	0	0	2	0	4
930	5	2	0	2	0
1497	2	0	1	0	7
2204	0	0	1	3	3
1599	0	0	1	3	3
723	4	4	6	12	10
1201	4	1	0	1	0
5856	6	2	1	1	1
1173	4	1	4	0	0
30	0	0	2	4	3
2285	4	0	2	0	0
1482	4	1	0	1	0
1359	6	4	1	2	1
3463	0	0	0	5	2
666	2	5	2	0	0
336	19	4	6	8	6
80	63	23	20	42	30
3556	0	0	1	2	3
587	0	0	1	2	3
29	3	0	0	5	6
106	6	10	12	12	17
338	5	0	0	0	1
546	1	4	4	4	8
1469	3	3	0	1	0
164	0	0	36	32	0
1790	1	0	5	7	4
3552	0	1	1	5	3
281	2	10	3	2	0
3112	2	5	3	0	0
2306	0	1	1	0	4
2068	5	5	1	2	1
920	3	1	2	0	0
195	4	1	1	1	0
1194	3	1	2	0	0
2118	3	1	2	0	0
809	0	1	1	0	4
767	12	8	7	6	4
1562	4	5	6	0	1
454	3	3	1	1	0
5954	4	1	1	1	0
870	3	9	0	0	2
364	5	0	1	0	1
192	4	8	5	2	1
1387	4	3	2	0	1
1296	5	1	3	0	1
2903	6	1	3	1	1
1889	1	1	2	2	5
1904	4	0	1	1	0
2223	1	3	1	0	7
573	1	0	7	4	5
3291	0	2	0	1	4
310	2	0	9	6	6
1611	6	0	2	1	1
374	5	0	2	2	0
1015	3	2	1	1	0
2129	5	0	2	0	1
1744	6	1	0	4	0
3214	2	1	1	1	6
6328	0	6	0	0	0
3465	0	1	4	5	3
2867	1	1	0	2	4
12	11	1	4	4	3
2157	1	0	1	0	4
568	1	2	0	2	5
2813	1	0	1	0	4
4336	5	0	3	0	1
1807	0	0	4	5	2
2418	1	1	0	2	4
612	0	12	0	1	1
1348	4	1	0	2	0
713	1	0	2	1	4
207	10	2	1	0	5
962	0	0	3	4	2
1248	0	0	3	4	2
73	1	0	3	2	4
1968	4	1	1	2	0
119	1	0	2	10	1
1372	1	4	2	0	0
1670	5	0	0	1	1
5451	0	1	1	1	3
675	0	1	1	1	3
543	0	1	1	1	3
67	19	3	14	3	10
1632	0	1	1	1	3
2473	3	1	1	1	0
4064	0	1	1	1	3
413	5	0	0	1	1
918	2	5	0	0	1
452	4	3	1	3	0
1745	0	0	0	7	0
3585	5	1	2	3	0
240	15	6	7	4	8
375	23	20	23	17	13
551	17	9	20	13	6
417	3	3	1	2	0
130	4	3	4	4	9
2203	0	1	1	1	3
4734	0	1	0	3	2
2800	0	1	0	3	2
1014	1	2	6	2	6
2457	2	3	1	1	0
1300	8	2	1	0	4
565	4	5	0	0	11
419	4	4	5	9	8
475	5	1	3	1	1
2849	1	0	3	1	4
1368	3	2	0	0	1
3513	0	0	2	5	1
348	12	0	5	4	4
1621	5	1	0	0	2
428	3	0	0	0	6
1841	0	2	3	2	4
206	0	1	7	2	4
531	1	2	3	2	5
328	0	4	5	12	2
2571	4	1	3	0	1
6238	0	5	1	0	0
335	0	2	1	3	3
358	9	1	2	1	4
2042	1	4	4	0	0
3751	1	1	0	0	4
433	4	1	4	0	1
1502	1	0	3	0	4
177	0	2	6	3	4
632	4	2	2	3	0
259	5	0	2	1	1
801	1	5	6	6	6
3052	3	2	1	0	1
162	3	15	26	9	0
1090	0	0	4	0	3
378	38	14	17	25	20
731	5	2	5	2	1
1543	1	0	1	1	3
1549	0	1	9	0	5
943	8	3	2	1	4
2725	1	0	1	1	3
3742	1	1	3	5	3
661	3	1	4	1	0
1297	4	0	2	0	1
4449	2	4	1	0	1
2169	0	1	1	3	2
2611	6	2	5	4	10
1809	0	2	1	2	3
945	5	6	3	3	2
2667	1	1	2	1	4
990	0	3	7	2	5
4539	0	1	2	0	3
6136	1	0	0	3	2
455	2	0	0	1	4
152	4	0	3	2	0
1566	0	0	5	0	3
533	1	1	2	4	3
534	0	2	4	1	4
78	11	3	6	17	11
148	4	0	3	0	1
503	3	0	2	1	0
469	5	0	0	0	2
1833	0	1	2	6	1
1031	5	1	4	2	1
123	3	2	3	2	0
725	11	0	2	0	6
2912	2	3	0	0	1
2255	6	2	4	4	1
1397	0	4	4	2	5
330	2	0	2	5	3
2978	3	0	3	1	0
619	3	2	8	9	5
2369	0	1	2	3	2
755	5	0	1	0	2
109	10	6	2	7	4
2484	5	0	0	2	1
3023	0	3	4	5	3
397	1	0	2	7	1
302	4	2	14	6	8
560	8	13	14	9	4
1256	1	1	3	4	3
2170	0	2	1	1	3
1064	1	2	1	2	4
814	1	1	3	1	4
3979	1	0	2	1	3
425	3	1	1	0	1
1312	3	2	5	0	1
3163	0	0	2	6	0
694	3	2	4	2	0
203	1	3	9	5	5
1471	2	1	4	2	5
842	1	3	5	3	5
1974	3	1	1	2	0
2939	5	0	0	4	0
1537	0	2	2	2	3
1271	3	0	2	5	4
3627	3	0	0	1	5
2799	0	2	1	1	3
645	3	1	2	0	1
836	1	5	5	1	7
2699	0	0	3	1	2
1051	1	2	3	0	0
509	2	0	4	0	0
898	2	5	4	1	1
843	3	2	0	1	1
222	1	3	1	1	0
5964	3	1	2	0	1
2401	1	3	5	5	4
3256	1	1	0	1	3
170	0	6	23	6	7
827	0	1	5	1	3
867	5	3	3	0	3
1391	1	3	1	1	0
210	3	1	3	0	1
2804	1	1	1	2	3
1960	0	5	0	1	0
538	3	3	1	1	7
3022	0	2	5	0	4
2325	1	0	2	0	3
2441	1	1	6	2	4
6239	2	1	2	1	0
2788	2	1	3	6	3
3474	6	2	2	3	2
1577	3	3	6	3	7
2009	1	3	1	3	4
2560	0	1	2	2	2
598	1	0	2	0	3
1980	0	2	2	1	3
344	5	1	2	1	2
2814	0	0	4	1	2
1083	10	1	6	2	5
14	3	4	13	7	7
3692	1	3	2	1	0
1192	4	1	0	0	2
2575	0	1	4	5	1
5555	2	2	1	2	0
5040	0	3	1	2	3
191	3	4	8	0	2
116	7	1	4	4	9
1006	2	8	8	5	8
435	5	2	2	4	1
1277	0	2	0	2	2
2351	2	2	1	0	1
32	12	5	4	7	6
72	18	21	35	31	23
231	0	2	3	1	3
1484	4	1	1	0	2
874	2	8	8	10	6
407	5	2	4	4	1
1420	1	3	3	1	0
5481	1	4	1	0	1
1835	0	3	6	9	1
3467	3	0	16	1	0
31	7	3	3	4	3
1235	5	3	3	3	2
100	0	1	9	7	1
2551	0	1	2	1	2
979	4	2	6	10	4
166	0	1	1	3	1
511	2	1	3	2	4
610	4	5	5	4	8
3834	0	0	4	0	2
1874	3	1	0	1	1
4154	0	1	0	5	0
298	2	6	1	3	1
1121	0	6	2	0	1
187	1	6	7	1	1
1436	2	5	2	0	2
1610	1	1	2	1	3
2683	0	1	1	3	1
75	4	5	4	7	0
76	6	1	12	3	9
1414	2	6	1	3	1
800	0	2	1	2	2
322	4	5	5	1	3
1275	2	3	1	1	1
637	0	2	3	3	2
1369	1	1	2	1	3
5700	1	2	2	1	0
1212	5	0	2	13	2
2509	1	1	4	0	0
976	0	0	2	4	0
6	3	1	1	1	1
156	5	7	7	5	10
13	5	6	6	13	6
500	2	3	1	1	1
572	2	0	0	1	3
1242	5	0	3	3	1
4292	2	0	0	1	3
1536	2	0	0	1	3
241	1	5	3	0	6
1233	5	1	1	2	2
1635	0	2	3	0	3
6184	2	0	3	1	0
3753	2	0	0	1	3
458	4	0	2	5	4
10	11	22	35	19	21
1251	1	2	3	3	3
3338	2	1	0	0	4
944	8	4	8	5	4
150	5	6	3	4	3
317	3	5	4	2	2
420	4	0	1	0	2
539	2	1	0	0	4
37	4	7	9	10	7
393	4	0	1	0	2
949	1	2	3	1	0
1746	2	1	1	2	0
415	7	3	6	5	3
881	9	1	4	0	6
2685	1	5	4	1	1
1188	3	3	0	1	6
3791	1	0	3	2	2
321	0	0	4	2	1
50	2	1	1	2	0
3088	0	0	3	4	0
2695	0	0	4	2	1
1025	2	1	1	2	0
168	0	0	5	5	0
2677	3	2	1	2	1
1472	1	0	2	4	1
86	0	2	1	4	1
6318	2	1	1	2	0
966	2	1	1	8	1
7	4	1	4	4	5
557	7	3	3	3	4
1408	1	3	1	0	1
280	1	0	2	1	2
1831	3	2	6	2	1
337	2	4	2	0	2
591	11	15	20	19	15
1845	0	2	0	6	0
5685	1	3	1	0	1
1508	2	1	3	2	0
5288	2	1	2	0	1
1138	0	2	3	2	2
392	11	0	3	1	7
5153	0	2	3	2	2
1345	1	0	3	4	1
2507	0	3	3	1	3
2454	2	1	0	2	3
1207	4	5	5	2	3
4141	1	0	1	3	1
1246	1	1	3	3	2
1477	4	0	5	5	4
1714	2	1	3	0	1
1470	2	2	2	3	0
1780	1	1	3	3	2
1309	6	2	3	3	3
2932	3	0	1	3	0
542	6	2	2	1	4
992	1	2	1	1	3
24	1	1	1	2	2
2423	0	3	2	3	2
1388	3	1	2	0	5
242	2	2	3	1	1
1824	3	0	1	1	1
1356	3	0	1	1	1
604	1	0	3	1	2
585	3	1	5	6	3
3889	2	2	1	1	1
347	2	1	1	2	3
603	1	0	1	3	1
3209	0	1	3	0	2
3477	3	0	1	1	1
137	1	0	3	1	2
1171	2	2	4	1	1
47	2	2	3	9	1
5868	0	2	4	0	0
89	8	2	2	9	2
2427	5	7	2	6	3
1169	3	0	2	1	1
184	0	3	2	1	0
1238	0	0	3	3	0
4437	3	0	2	1	1
1507	3	5	4	1	3
2660	3	0	2	1	1
3346	0	1	2	2	1
19	1	0	2	3	1
1662	0	2	2	1	2
250	0	1	2	2	1
2586	3	1	0	0	2
1066	0	0	3	3	0
1	3	0	1	8	1
802	4	5	4	7	1
5338	0	0	4	1	1
4269	0	2	4	0	0
860	0	3	1	2	2
1218	1	1	3	1	0
2700	1	1	3	1	0
3305	1	3	1	7	1
718	1	2	5	2	3
1405	0	2	1	3	1
1018	2	0	2	3	2
133	1	1	7	6	1
220	4	6	4	6	2
128	2	1	1	4	2
329	3	1	1	0	2
369	3	1	2	2	1
1594	3	1	1	0	2
1827	1	1	3	1	0
3284	0	4	1	2	0
1154	1	2	0	0	3
36	2	0	0	2	2
2460	1	2	0	0	3
2714	3	1	4	2	1
318	5	1	4	0	7
370	4	0	0	1	2
2208	2	0	3	3	2
743	1	2	2	2	0
1305	2	1	0	1	3
1076	1	2	7	2	3
4003	2	0	2	0	3
4548	1	1	5	1	0
267	3	3	9	6	4
524	0	4	9	3	3
17	2	0	3	2	0
1571	2	0	2	0	3
1150	3	2	1	1	2
3940	4	0	1	1	2
332	1	1	1	1	2
1027	1	1	2	4	1
624	4	1	1	6	3
2707	1	2	4	0	1
165	0	1	4	2	1
3449	1	0	2	5	0
2134	2	1	1	3	0
513	4	1	1	0	3
4245	2	0	5	0	1
1321	2	0	4	0	1
4494	0	3	0	1	2
1961	4	1	0	0	3
1999	3	1	1	6	2
3331	1	2	0	2	2
1724	1	2	0	2	2
987	1	3	3	3	0
2789	2	2	4	8	1
2564	0	4	3	2	0
3925	1	0	3	0	2
2629	1	0	3	0	2
794	1	2	2	0	3
1286	2	2	5	1	4
127	4	1	3	0	3
441	4	3	4	4	2
26	6	14	13	14	4
2557	1	0	3	0	2
65	4	2	1	7	3
3954	0	2	2	0	2
650	2	1	1	1	1
380	2	1	1	1	1
2965	3	0	3	0	4
3741	2	1	1	1	1
2672	1	1	2	1	2
295	2	1	6	1	1
613	2	1	5	2	3
1268	0	3	4	2	2
828	0	4	1	0	3
1799	1	4	3	2	1
5466	1	1	2	1	2
297	0	5	5	1	1
2711	1	4	4	2	1
1045	1	1	2	1	2
211	8	6	10	6	10
1416	1	2	1	2	2
665	0	3	1	1	2
1053	3	0	3	2	1
1862	1	0	2	2	1
916	2	3	0	3	3
1176	3	1	3	1	4
1028	1	0	2	2	1
1221	1	1	1	3	1
3892	2	3	2	3	1
6921	1	1	1	3	1
190	9	8	5	3	9
56	1	1	5	4	1
4290	2	2	0	4	2
593	1	0	2	2	1
2152	2	3	4	3	1
51	6	3	8	4	4
309	14	8	15	11	15
523	2	2	3	0	2
1866	0	2	1	2	1
1180	2	4	2	4	1
803	2	4	4	4	1
200	2	4	6	4	1
1407	1	5	1	1	2
2576	0	1	3	1	1
2301	1	1	3	1	2
4185	0	1	2	3	0
554	6	0	4	1	4
1319	2	4	2	4	1
1451	1	4	7	1	4
808	2	2	0	0	2
3309	1	4	0	0	2
154	3	0	3	0	2
580	0	1	3	1	1
1400	1	2	2	2	2
1195	2	2	7	3	3
5254	1	0	2	4	0
1367	2	1	0	0	3
185	0	1	2	3	0
526	1	0	3	2	1
695	2	6	5	2	3
1252	0	3	1	2	0
3415	0	1	3	1	1
4585	0	1	6	0	0
7063	0	0	4	2	0
230	1	1	2	3	1
4629	0	3	3	1	2
1977	0	3	2	2	0
3363	2	0	1	1	2
4265	0	0	6	0	1
39	0	3	1	2	0
3038	3	1	2	5	2
1110	0	0	4	2	0
985	0	3	1	2	0
5311	0	3	2	0	1
1774	0	2	3	2	1
4138	0	3	3	2	0
662	1	4	5	0	4
1633	0	7	2	1	4
3389	3	2	0	0	3
1298	2	1	1	0	3
368	3	0	1	1	3
2034	4	7	7	4	7
2011	0	4	0	3	0
437	4	0	0	0	3
2522	0	3	3	0	1
325	0	3	2	0	1
1912	3	0	0	3	2
1905	5	0	6	2	3
4323	0	5	2	3	2
3383	1	2	5	1	1
2402	0	3	3	0	1
64	8	9	6	10	6
2830	4	0	0	0	3
1107	4	5	4	5	3
851	3	7	3	3	6
2641	3	5	4	1	4
3199	1	2	6	1	1
1627	3	2	2	0	3
3157	0	2	3	4	0
719	0	5	2	2	1
2467	1	1	2	0	2
894	4	1	3	0	5
386	3	1	5	3	3
4938	0	4	0	1	1
296	1	2	1	1	1
461	1	2	1	1	1
1555	2	1	1	2	2
1096	3	0	10	1	2
149	2	1	3	2	1
77	4	6	3	6	5
3396	1	3	4	2	1
1111	1	3	6	1	3
1520	2	1	3	0	3
1608	8	3	2	4	6
3416	2	1	1	2	2
2613	2	0	3	1	1
216	0	3	6	1	2
2519	2	0	2	1	1
1832	1	1	6	1	2
2946	3	3	3	0	5
1097	1	1	3	0	2
1609	2	0	1	3	1
353	9	2	2	3	7
90	21	10	8	22	16
829	0	3	0	2	1
617	2	0	3	1	2
819	2	1	4	0	2
248	4	1	2	4	3
1558	2	1	1	2	1
97	2	0	2	1	1
1398	0	3	0	2	1
2344	0	4	1	1	2
2347	0	6	1	1	3
180	4	1	8	2	3
590	1	1	1	2	1
246	10	3	4	8	8
5001	2	0	2	1	1
1377	1	3	3	0	3
1342	2	4	4	1	3
217	2	2	7	4	2
484	2	1	2	0	2
88	2	3	3	2	2
649	1	0	3	1	1
700	2	1	3	0	2
171	10	6	15	4	12
4010	1	3	0	0	2
3122	1	0	3	1	1
776	2	3	4	0	3
1135	1	1	2	2	1
334	1	0	3	1	1
634	1	1	2	2	1
623	3	3	7	0	4
263	4	0	4	3	2
1473	3	0	2	1	2
308	2	3	3	0	3
527	3	0	0	0	3
3246	2	1	1	0	2
3460	1	6	1	1	3
2623	5	2	2	0	6
882	3	5	5	2	4
2466	3	0	0	1	2
2275	2	2	0	1	2
1024	2	4	2	1	3
1933	0	2	2	1	1
6252	2	2	0	1	2
2970	3	2	2	1	3
1080	1	2	6	2	1
3968	0	3	4	0	2
1206	3	0	2	1	2
1054	1	2	4	1	2
1761	1	2	2	3	1
816	0	5	4	5	0
3528	3	0	1	1	2
3499	4	0	0	2	3
1046	0	1	3	2	0
1901	9	5	7	8	8
4360	0	1	4	1	0
689	0	2	2	2	0
876	0	2	2	2	0
3659	0	2	3	1	1
722	1	0	5	0	1
6440	1	1	1	3	0
3076	1	2	3	3	1
4955	2	3	0	1	3
2	3	0	0	2	2
941	1	0	3	2	0
1092	2	0	2	0	2
2891	3	3	7	3	3
1716	0	3	2	1	1
5835	1	1	3	1	1
2888	1	2	1	0	2
1303	1	1	1	3	0
1311	2	2	2	0	3
4612	2	0	2	0	2
4934	2	0	2	0	2
1583	2	0	2	0	2
2831	4	2	1	1	4
4216	1	1	3	1	1
3268	0	3	5	2	1
798	1	2	2	2	1
2340	0	3	1	1	1
5650	0	4	0	0	2
1966	2	1	1	1	2
3616	2	1	3	3	1
2729	2	3	2	5	1
1260	1	5	1	5	1
2371	1	1	2	1	1
71	2	2	2	4	1
2654	3	0	4	0	3
363	5	7	2	7	5
1475	6	4	3	3	6
2230	3	0	4	0	3
2262	1	2	3	0	2
716	0	0	14	2	0
257	2	0	17	2	2
1306	2	3	1	5	1
2598	2	2	3	0	3
1244	1	2	0	2	1
287	6	4	12	7	5
1141	6	2	13	7	4
189	16	10	29	18	13
